slurm-16721796.out:DATA: 1, 1, 6.496000, 14.804000
slurm-16721797.out:DATA: 2, 1, 6.065000, 14.661000
slurm-16721798.out:DATA: 4, 1, 6.432000, 14.681000
slurm-16721799.out:DATA: 8, 1, 6.515000, 15.074000
slurm-16721800.out:DATA: 16, 1, 7.186000, 16.141000
slurm-16721801.out:DATA: 1, 2, 6.721000, 14.758000
slurm-16721806.out:DATA: 2, 2, 6.050000, 14.933000
slurm-16721807.out:DATA: 4, 2, 6.705000, 14.406000
slurm-16721809.out:DATA: 8, 2, 5.529000, 14.588000
slurm-16721810.out:DATA: 16, 2, 6.080000, 15.867000
slurm-16721820.out:DATA: 1, 4, 6.280000, 15.170000
slurm-16721821.out:DATA: 2, 4, 6.609000, 14.660000
slurm-16721822.out:DATA: 4, 4, 47.231000, 12.726000
slurm-16721823.out:DATA: 8, 4, 50.910000, 13.330000
slurm-16721824.out:DATA: 16, 4, 7.497000, 14.324000
slurm-16721825.out:DATA: 1, 8, 24.009000, 13.720000
slurm-16721826.out:DATA: 2, 8, 23.974000, 12.465000
slurm-16721827.out:DATA: 4, 8, 32.226000, 13.231000
slurm-16721828.out:DATA: 8, 8, 32.180000, 12.920000
slurm-16721829.out:DATA: 16, 8, 14.581000, 14.668000
slurm-16721830.out:DATA: 1, 16, 7.542000, 14.400000
slurm-16721831.out:DATA: 2, 16, 7.314000, 13.521000
slurm-16721832.out:DATA: 4, 16, 5.944000, 12.915000
slurm-16721833.out:DATA: 8, 16, 33.660000, 13.639000
slurm-16721834.out:DATA: 16, 16, 26.562000, 15.624000
slurm-16721835.out:DATA: 1, 1, 5.287000, 14.989000
slurm-16721836.out:DATA: 2, 1, 6.569000, 14.943000
slurm-16721837.out:DATA: 4, 1, 6.324000, 15.127000
slurm-16721838.out:DATA: 8, 1, 6.266000, 15.090000
slurm-16721839.out:DATA: 16, 1, 6.548000, 16.192000
slurm-16721840.out:DATA: 1, 2, 7.083000, 15.202000
slurm-16721841.out:DATA: 2, 2, 5.521000, 14.376000
slurm-16721842.out:DATA: 4, 2, 18.976000, 14.335000
slurm-16721843.out:DATA: 8, 2, 23.089000, 14.516000
slurm-16721844.out:DATA: 16, 2, 7.064000, 15.243000
slurm-16721845.out:DATA: 1, 4, 5.178000, 14.766000
slurm-16721846.out:DATA: 2, 4, 29.515000, 15.302000
slurm-16721847.out:DATA: 4, 4, 8.233000, 13.038000
slurm-16721848.out:DATA: 8, 4, 6.766000, 13.457000
slurm-16721849.out:DATA: 16, 4, 26.018000, 14.082000
slurm-16721850.out:DATA: 1, 8, 7.597000, 13.595000
slurm-16721851.out:DATA: 2, 8, 7.943000, 14.053000
slurm-16721852.out:DATA: 4, 8, 6.886000, 13.565000
slurm-16721853.out:DATA: 8, 8, 7.473000, 14.081000
slurm-16721854.out:DATA: 16, 8, 33.040000, 14.763000
slurm-16721855.out:DATA: 1, 16, 7.906000, 13.929000
slurm-16721856.out:DATA: 2, 16, 7.938000, 13.487000
slurm-16721857.out:DATA: 4, 16, 8.125000, 13.165000
slurm-16721858.out:DATA: 8, 16, 9.356000, 14.029000
slurm-16721859.out:DATA: 16, 16, 9.542000, 16.067000
slurm-16721860.out:DATA: 1, 1, 8.027000, 14.165000
slurm-16721861.out:DATA: 2, 1, 6.605000, 13.781000
slurm-16721862.out:DATA: 4, 1, 7.254000, 14.280000
slurm-16721863.out:DATA: 8, 1, 20.867000, 14.423000
slurm-16721864.out:DATA: 16, 1, 29.066000, 16.190000
slurm-16721865.out:DATA: 1, 2, 7.432000, 15.001000
slurm-16721866.out:DATA: 2, 2, 6.596000, 14.821000
slurm-16721867.out:DATA: 4, 2, 20.852000, 13.717000
slurm-16721868.out:DATA: 8, 2, 29.072000, 14.863000
slurm-16721869.out:DATA: 16, 2, 29.161000, 15.483000
slurm-16721870.out:DATA: 1, 4, 6.753000, 14.161000
slurm-16721871.out:DATA: 2, 4, 7.429000, 13.542000
slurm-16721872.out:DATA: 4, 4, 8.392000, 13.062000
slurm-16721873.out:DATA: 8, 4, 6.995000, 13.485000
slurm-16721874.out:DATA: 16, 4, 6.102000, 14.335000
slurm-16721875.out:DATA: 1, 8, 6.309000, 12.819000
slurm-16721876.out:DATA: 2, 8, 6.875000, 12.812000
slurm-16721877.out:DATA: 4, 8, 7.129000, 13.612000
slurm-16721878.out:DATA: 8, 8, 7.411000, 13.824000
slurm-16721879.out:DATA: 16, 8, 7.543000, 14.429000
slurm-16721880.out:DATA: 1, 16, 7.146000, 14.162000
slurm-16721881.out:DATA: 2, 16, 7.518000, 13.266000
slurm-16721882.out:DATA: 4, 16, 6.840000, 13.774000
slurm-16721883.out:DATA: 8, 16, 7.854000, 13.767000
slurm-16721884.out:DATA: 16, 16, 6.582000, 15.109000
working_pthread.c:    printf("DATA: %d, %d, %f, %f", numThreads, atoi(argv[2]), readFileTime, maxASCIITime);
